Authors: Huang Kaixuan, Hu Jinniu, Zhang Yin, Shen Hong 
Date: 2022/07/05

(Please delete the comments before using this input file)
Hadronic EOS:
    baryon density         pressure
     2.0035E-01           6.4738E+00  
     2.0127E-01           6.5609E+00  
     2.0220E-01           6.6492E+00  
     2.0313E-01           6.7388E+00  
     2.0407E-01           6.8297E+00  
     2.0501E-01           6.9219E+00  
     2.0596E-01           7.0153E+00  
     2.0691E-01           7.1102E+00  
     2.0786E-01           7.2064E+00  
     2.0882E-01           7.3039E+00  
     2.0979E-01           7.4029E+00  
     2.1076E-01           7.5032E+00  
     2.1173E-01           7.6050E+00  
     2.1271E-01           7.7083E+00  
     2.1369E-01           7.8130E+00  
     2.1467E-01           7.9192E+00  
     2.1566E-01           8.0269E+00  
     2.1666E-01           8.1361E+00  
     2.1766E-01           8.2469E+00  
     2.1867E-01           8.3592E+00  
     2.1967E-01           8.4732E+00  
     2.2069E-01           8.5888E+00  
     2.2171E-01           8.7059E+00  
     2.2273E-01           8.8248E+00  
     2.2376E-01           8.9453E+00  
     2.2479E-01           9.0676E+00  
     2.2583E-01           9.1915E+00  
     2.2687E-01           9.3172E+00  
     2.2792E-01           9.4447E+00  
     2.2897E-01           9.5739E+00  
     2.3003E-01           9.7050E+00  
     2.3109E-01           9.8379E+00  
     2.3216E-01           9.9727E+00  
     2.3323E-01           1.0109E+01  
     2.3430E-01           1.0248E+01  
     2.3539E-01           1.0388E+01  
     2.3647E-01           1.0531E+01  
     2.3756E-01           1.0675E+01  
     2.3866E-01           1.0822E+01  
     2.3976E-01           1.0970E+01  
     2.4087E-01           1.1121E+01  
     2.4198E-01           1.1273E+01  
     2.4310E-01           1.1428E+01  
     2.4422E-01           1.1585E+01  
     2.4535E-01           1.1744E+01  
     2.4648E-01           1.1905E+01  
     2.4762E-01           1.2069E+01  
     2.4876E-01           1.2234E+01  
     2.4991E-01           1.2402E+01  
     2.5106E-01           1.2573E+01  
     2.5222E-01           1.2745E+01  
     2.5338E-01           1.2920E+01  
     2.5455E-01           1.3098E+01  
     2.5573E-01           1.3277E+01  
     2.5691E-01           1.3460E+01  
     2.5809E-01           1.3644E+01  
     2.5929E-01           1.3831E+01  
     2.6048E-01           1.4021E+01  
     2.6169E-01           1.4213E+01  
     2.6289E-01           1.4408E+01  
     2.6411E-01           1.4606E+01  
     2.6533E-01           1.4806E+01  
     2.6655E-01           1.5009E+01  
     2.6778E-01           1.5214E+01  
     2.6902E-01           1.5423E+01  
     2.7026E-01           1.5634E+01  
     2.7151E-01           1.5848E+01  
     2.7276E-01           1.6064E+01  
     2.7402E-01           1.6284E+01  
     2.7528E-01           1.6506E+01  
     2.7655E-01           1.6732E+01  
     2.7783E-01           1.6960E+01  
     2.7911E-01           1.7192E+01  
     2.8040E-01           1.7426E+01  
     2.8170E-01           1.7663E+01  
     2.8300E-01           1.7904E+01  
     2.8430E-01           1.8148E+01  
     2.8561E-01           1.8395E+01  
     2.8693E-01           1.8645E+01  
     2.8826E-01           1.8898E+01  
     2.8959E-01           1.9155E+01  
     2.9092E-01           1.9415E+01  
     2.9227E-01           1.9678E+01  
     2.9362E-01           1.9945E+01  
     2.9497E-01           2.0215E+01  
     2.9633E-01           2.0488E+01  
     2.9770E-01           2.0765E+01  
     2.9907E-01           2.1046E+01  
     3.0046E-01           2.1330E+01  

Baryon number density region of the interpolated EoS: from 0.3fm^-3 to 0.6fm^-3

Quark EOS: 
    baryon density         pressure       
     6.0035E-01           2.0638E+02  
     6.0182E-01           2.0754E+02  
     6.0329E-01           2.0870E+02  
     6.0476E-01           2.0987E+02  
     6.0623E-01           2.1104E+02  
     6.0770E-01           2.1221E+02  
     6.0917E-01           2.1339E+02  
     6.1065E-01           2.1456E+02  
     6.1212E-01           2.1575E+02  
     6.1360E-01           2.1693E+02  
     6.1507E-01           2.1812E+02  
     6.1655E-01           2.1931E+02  
     6.1803E-01           2.2050E+02  
     6.1951E-01           2.2169E+02  
     6.2099E-01           2.2289E+02  
     6.2248E-01           2.2409E+02  
     6.2396E-01           2.2530E+02  
     6.2544E-01           2.2650E+02  
     6.2693E-01           2.2771E+02  
     6.2842E-01           2.2892E+02  
     6.2990E-01           2.3014E+02  
     6.3139E-01           2.3136E+02  
     6.3288E-01           2.3258E+02  
     6.3437E-01           2.3380E+02  
     6.3587E-01           2.3503E+02  
     6.3736E-01           2.3626E+02  
     6.3885E-01           2.3749E+02  
     6.4035E-01           2.3873E+02  
     6.4185E-01           2.3997E+02  
     6.4334E-01           2.4121E+02  
     6.4484E-01           2.4245E+02  
     6.4634E-01           2.4370E+02  
     6.4784E-01           2.4495E+02  
     6.4934E-01           2.4621E+02  
     6.5085E-01           2.4746E+02  
     6.5235E-01           2.4872E+02  
     6.5386E-01           2.4998E+02  
     6.5536E-01           2.5125E+02  
     6.5687E-01           2.5252E+02  
     6.5838E-01           2.5379E+02  
     6.5989E-01           2.5506E+02  
     6.6140E-01           2.5634E+02  
     6.6291E-01           2.5762E+02  
     6.6442E-01           2.5890E+02  
     6.6593E-01           2.6019E+02  
     6.6745E-01           2.6147E+02  
     6.6897E-01           2.6277E+02  
     6.7048E-01           2.6406E+02  
     6.7200E-01           2.6536E+02  
     6.7352E-01           2.6666E+02  
     6.7504E-01           2.6796E+02  
     6.7656E-01           2.6927E+02  
     6.7808E-01           2.7058E+02  
     6.7960E-01           2.7189E+02  
     6.8113E-01           2.7320E+02  
     6.8265E-01           2.7452E+02  
     6.8418E-01           2.7584E+02  
     6.8571E-01           2.7717E+02  
     6.8724E-01           2.7849E+02  
     6.8877E-01           2.7983E+02  
     6.9030E-01           2.8116E+02  
     6.9183E-01           2.8249E+02  
     6.9336E-01           2.8383E+02  
     6.9489E-01           2.8518E+02  
     6.9643E-01           2.8652E+02  
     6.9797E-01           2.8787E+02  
     6.9950E-01           2.8922E+02  
     7.0104E-01           2.9057E+02  
     7.0258E-01           2.9193E+02  
     7.0412E-01           2.9329E+02  
     7.0566E-01           2.9465E+02  
     7.0720E-01           2.9602E+02  
     7.0875E-01           2.9739E+02  
     7.1029E-01           2.9876E+02  
     7.1184E-01           3.0014E+02  
     7.1338E-01           3.0151E+02  
     7.1493E-01           3.0289E+02  
     7.1648E-01           3.0428E+02  
     7.1803E-01           3.0567E+02  
     7.1958E-01           3.0706E+02  
     7.2113E-01           3.0845E+02  
     7.2268E-01           3.0985E+02  
     7.2424E-01           3.1124E+02  
     7.2579E-01           3.1265E+02  
     7.2735E-01           3.1405E+02  
     7.2890E-01           3.1546E+02  
     7.3046E-01           3.1687E+02  
     7.3206E-01           3.1829E+02  
     7.3381E-01           3.1971E+02  
     7.3558E-01           3.2114E+02  
     7.3734E-01           3.2257E+02  
     7.3911E-01           3.2401E+02  
     7.4089E-01           3.2545E+02  
     7.4267E-01           3.2689E+02  
     7.4445E-01           3.2834E+02  
     7.4625E-01           3.2978E+02  
     7.4804E-01           3.3124E+02  
     7.4984E-01           3.3269E+02  
     7.5165E-01           3.3415E+02  
     7.5346E-01           3.3562E+02  
     7.5528E-01           3.3708E+02  
     7.5710E-01           3.3855E+02  
     7.5893E-01           3.4003E+02  
     7.6076E-01           3.4151E+02  
     7.6260E-01           3.4299E+02  
     7.6444E-01           3.4447E+02  
     7.6629E-01           3.4596E+02  
     7.6814E-01           3.4745E+02  
     7.7000E-01           3.4895E+02  
     7.7186E-01           3.5045E+02  
     7.7373E-01           3.5195E+02  
     7.7561E-01           3.5345E+02  
     7.7748E-01           3.5496E+02  
     7.7937E-01           3.5648E+02  
     7.8126E-01           3.5800E+02  
     7.8315E-01           3.5952E+02  
     7.8505E-01           3.6104E+02  
     7.8696E-01           3.6257E+02  
     7.8887E-01           3.6410E+02  
     7.9078E-01           3.6564E+02  
     7.9270E-01           3.6718E+02  
     7.9463E-01           3.6872E+02  
     7.9656E-01           3.7027E+02  
     7.9850E-01           3.7182E+02  
     8.0044E-01           3.7337E+02  
  